# This file may be used to create an environment using:
# $ conda create --name <env> --file <this file>
# platform: win-64
# created-by: conda 25.11.1
absl-py=2.4.0=pypi_0
annotated-types=0.7.0=pypi_0
attrs=25.4.0=pypi_0
bzip2=1.0.8=h2bbff1b_6
ca-certificates=2025.12.2=haa95532_0
certifi=2026.1.4=pypi_0
charset-normalizer=3.4.4=pypi_0
click=8.3.1=pypi_0
cloudpickle=3.1.2=pypi_0
colorama=0.4.6=pypi_0
dm-tree=0.1.9=pypi_0
expat=2.7.3=h885b0b7_4
farama-notifications=0.0.4=pypi_0
filelock=3.20.3=pypi_0
fsspec=2026.1.0=pypi_0
gymnasium=1.1.1=pypi_0
idna=3.11=pypi_0
jinja2=3.1.6=pypi_0
jsonschema=4.26.0=pypi_0
jsonschema-specifications=2025.9.1=pypi_0
libexpat=2.7.3=h885b0b7_4
libffi=3.4.4=hd77b12b_1
libzlib=1.3.1=h02ab6af_0
lz4=4.4.5=pypi_0
markupsafe=3.0.3=pypi_0
mpmath=1.3.0=pypi_0
msgpack=1.1.2=pypi_0
networkx=3.6.1=pypi_0
numpy=2.4.1=pypi_0
openssl=3.0.18=h543e019_0
ormsgpack=1.7.0=pypi_0
packaging=25.0=py312haa95532_1
pandas=3.0.0=pypi_0
pip=25.3=pyhc872135_0
protobuf=6.33.4=pypi_0
pyarrow=23.0.0=pypi_0
pydantic=2.12.5=pypi_0
pydantic-core=2.41.5=pypi_0
pygame=2.6.1=pypi_0
python=3.12.12=h716150d_1
python-dateutil=2.9.0.post0=pypi_0
pyyaml=6.0.3=pypi_0
ray=2.53.0=pypi_0
referencing=0.37.0=pypi_0
requests=2.32.5=pypi_0
rpds-py=0.30.0=pypi_0
scipy=1.17.0=pypi_0
setuptools=80.10.1=py312haa95532_0
six=1.17.0=pypi_0
sqlite=3.51.1=hda9a48d_0
sympy=1.14.0=pypi_0
tensorboardx=2.6.4=pypi_0
tk=8.6.15=hf199647_0
torch=2.10.0=pypi_0
typing-extensions=4.15.0=pypi_0
typing-inspection=0.4.2=pypi_0
tzdata=2025.3=pypi_0
ucrt=10.0.22621.0=haa95532_0
urllib3=2.6.3=pypi_0
vc=14.3=h2df5915_10
vc14_runtime=14.44.35208=h4927774_10
vs2015_runtime=14.44.35208=ha6b5a95_10
wheel=0.46.3=py312haa95532_0
wrapt=2.0.1=pypi_0
xz=5.6.4=h4754444_1
zlib=1.3.1=h02ab6af_0
